/home/max/msHOT/./msHOT 100 30 -r 0.001 100001 -c 10000000.0 100 -s 100 
29481 19043 21192

//
segsites: 100

positions: 0.0115 0.0380 0.0490 0.0534 0.0542 0.0767 0.0843 0.0971 0.1133 0.1207 0.1344 0.1468 0.1515 0.1560 0.1562 0.1745 0.1821 0.1844 0.1960 0.1984 0.2083 0.2085 0.2126 0.2154 0.2294 0.2453 0.2553 0.2563 0.2832 0.3024 0.3071 0.3293 0.3503 0.3535 0.3579 0.3589 0.3650 0.3746 0.4077 0.4111 0.4561 0.4877 0.4952 0.5126 0.5181 0.5206 0.5243 0.5275 0.5493 0.5548 0.5685 0.5686 0.5711 0.5750 0.5787 0.5800 0.5967 0.6038 0.6128 0.6218 0.6304 0.6391 0.6422 0.6489 0.6553 0.6632 0.6741 0.6821 0.6835 0.6916 0.7014 0.7071 0.7085 0.7239 0.7507 0.7612 0.7720 0.7989 0.8016 0.8058 0.8147 0.8394 0.8487 0.8680 0.8726 0.8812 0.8832 0.9013 0.9056 0.9083 0.9250 0.9272 0.9404 0.9588 0.9625 0.9685 0.9721 0.9858 0.9900 0.9986 
1001000001011000101010000100000001000001000101000001100000000000000010000010001000000001000000000010
0010000001010000001100000000100010000001100001100100000000001001000000000000000000000001000000000000
0000011001011001001000000011010000000001100100101101100010001010000000000010011000000001000000000001
1001000001011000111010000100000001000001000101000101100000000000000010000010001100000001000000000010
0001010000010000100100000001000100000001100101000001000000001000000000000010000000000001000000000010
0111010001110000101100000001000000001001100100000011000010010000000000000000000100001001000100001010
0000000001010000001110000100100010000001100001100100000000001001000000000000000000000001000000000000
0010010001010001111110000001000000000001000100000101100100001000000001000010001000000001000101000010
0000000000011001001110000100000000000001100100000001001000010000000000000010000000000001000000000010
0000011000011001001000000011010000000001100100101101100100000010000000000010011000000001000000000001
0000001001111000101000000001000110000001100100000001000000010000000000000010001001000011100000000010
1001000000011010011110010001000100000000100000001101100000001000000001000010001000000000000000000010
0000000101010000100010000011000101001000100000011001000000000000000000000010001000000001000000011010
0000010001111100110010010100000110101001100000101001100010001000000000000010010001000001000100000001
0000000001110000101111010001000000000001100000001101000010001000010000000011010000000011000000001000
0000010000110000101100000100000100001001101000101101000001000000000000000010001000000001000100000011
0000010001010000101000000110000100001000100000001100000000001000010000000010011001000001000000000010
0001000000010000100000000000000100000001101001000101000010000000000000000000011000000001000100000010
0011000001110000111010000001000000001001100100000001000010010000000000000000000100000001000100001010
0001000000010000101010000000100100000001001001000001000000001001000000000010000000000001000100000010
0000000001011000111100000000000001001001100100001001000000001000000000000000001000100001000000010000
0000001000011010000100000001000000000001100100100001000000001000010000100010000000100001000000000000
0001000001110000111110000001000010000101100000000001000000001000000100000010001000000000000000000010
0001000101011000111110000000000000001001100100001001100010000000000000000010000000100001000000000010
0001000010010010000010000101000000011000101000000001100100000000010000000000001000000001000100000010
0000010001111000110010011100000100001001100001101001100010000000000000000010011001000001000100000001
0000000001010000001110000100100010000001100100100101000000001001000000000000001000000001000000000000
1001010000011010011110000001000100000000100000001100000000001000000001000010001000000001000000000010
0000001000011000000100000101000000000001000100100001000000001000010000100010000000100001000000001000
0010110001011000101110000100000001001001000110010001100000001000000000000000000001000001000000000010
0001010001011010001010000100000100000001100000101101000000000001000000000010001000000001000000000010
0000000010010010010010000101000000011000101001000001100100100000010000000000001000000001100100000010
0001000000110000000100000001000100000001000100001001000010001000100000000010000000001001000000000010
0000001000011010000110000001000000000001000100100001000000001100010000000010000001100001000000000000
0011010001110000101000000001000000000001100100000011000010010000000000000010000100001001000100001010
0001000000110000000100000000000000000001000100001001000010001000101000000010000000001001000000000010
0000011000011001001000000011010000000001100100101101100100001010000000000010011000000001000000000001
0111000001110000101000000001000000000001100100001011000010000000000000000000000100000001000100001010
0010000001011001011100000000000000000001100100000101000100001000000000000010001000000001000000000010
0001000000000000001110000110000110000001000000000101100000000000000000000000000000100001000100000110
0000010001010000001000000110000100001000100000001100000000001000010000010010011001000001000000001010
0000010001111000110010010100000110001001100000101001100010000000000000000010011000000001000100000001
0001000000010000001100000000100010000001100001100100000000001001000000000000001000000001000000000000
0010000000011000001010000101000100000001100100000000000000010000000000000010000001000001000000000000
0001000000010000001100000000100010000001100001100100000000001001000000000000000000000001000000000000
0001000010010010001010000101000000011000101000000001000100000000010000000000001010001001100100000010
0000000000111000000100000001000000000001000100001001000010001000101000000010000000001001000000000010
0001000001010000001011000100100010000001000101100000000000001001000000000000001000000001000100000010
0000000101010000101000000001000111000000100000001001000100001000010000000010001001000001000000011100
0000010000011000100100000001000100000001100101000001000000001000000000000010000000000001000000010010
0001000001010000001010000100100010000001100001100100000000001001000000000000000000000001000000000010
0001000001110000110100000000000010000001100000100001000000000000000100000010001000000001000000000010
0000010000011001001000000010000000000001100000101101000100001010000000000000001000000001000000000000
0000000001011010111110000100000110000001000000000001100000000000010000000010011000000001000010000000
0010000000011000001010000101000100000001100100000001000000010000000000000010000001000001000000000000
0000010001011010110010010101000110000001100000100101100010000000000000000110010001000001000100000001
0000001000011000001000000001000110000001100100000001100000010000000000000010001001000011110000000010
0001000000110000000100010001000000000001000100001001000010011000111000000010000000001001100000100010
1001000001011000111110000100000001000001000101000001100000000000000010000010001100000001000000001010
0010011001011001100010000001000000000001100100001101010100001000000000000010001000000001000000000010
0001000010010010000010110100100000011001000000000101100100000000010000000000001000000001100100000000
0010011001011001111010000001001000000001100100000101010100000000000000000010001000000001000101000010
0001000010010010000010000100000000011000101000000000100100000000010000000000001000000001100100000010
0000100001011000101110000100000001001001000110010001100000000000000000000000000001000001000000000010
0000000101010000101000000001000111000000100000001001000100001000010000000010001001000001000000011100
0000011001111000110010010100000110001001100000101001100000000000000000000010001001000001000100000001
0001000000000000001110000110000110000001000000000101100000000000000000000000000001100001000100000110
1001000010010010101010000100000000011000101000000000100100000000010000000000001000000001100100000010
0011000000011010001100000100000100000001100001001000100000001000000000000000100000000001000000001010
0010010101111001111110000001000000000001000100001101000100001000000001000010000000000001000000000010
0001000001010000001010000100000010000001100001100000000000001001000000000000000000000001000000000100
0111000001110000101000000001000000000001100100000011000010010000000000000000000100000001000100001010
0000011001011001001000000011000000000001100100101101100100000010000000000010011000000001000000000001
0001000001111000011110000100000001000001000101000001100000000000000000000010001100000001000000000010
0001000000000000001110000110000110000001000000000101100000000000000000000010000000100001000100000110
0001010000111000100100000001000000000001100101000001000000001000000000000010000000000001000000010010
0000000000011000000100000001000000000001000100001001000010001000101000000010000000001001000000000010
0000100001011000101110000100000001001001000100001001100000000000010000000000000000000001000000000010
1001000001011000111110000100000101000001101001000101100000000000000000000010001100000001000100000010
0000010000011000100100000000000000000001100101000001000000001000001000000000011000000101000000010010
1001000001011000111010000100000001000001000101000101100000000000000010000010001100000001001000000010
0010000000011000001010000101000000000001100000000000000000010000000000000010000001000001000000000000
0001000001110000110110000001000110000111100000000001000000000000000100000010001000000000000000000010
1011000000011010001100000100000100000001100000000000100000001000000000000000000000000001000000000010
0000000001010000000000000111000010000000100000000100100010001010001000001010001001000001000000000010
0000010001111100110110010100000110101001100000101001100010000000000000000010010000100001000000000011
0000010000011000100100000001000100000001100101000001000000001000000000000010000000000001000000010010
0010000001010000001100000000100010000001100001100100000000001001000000000000000000000001000000000000
0000001000110010000110000001000000010001000000100001100000000001010000000000000000000001100000000010
0001000000111000101110000001000000000001100000001101000000000000000000000000010000000001000000000010
0001010000011000100100000101000100000001100101000001000000001000000000000010000000000001000000010010
0000001000011010000110000001000000000001000100100001000000001100010000000010000001100001000000000000
0000010001111000110010010100000110001001100000101001100010000000000000000010011000000001000100000001
0000000001010000101010000101000100000000100000001100000000001000010000000000001001010001100000001100
0000010001011001001010000011000000000001110000100101100100001010000000001000001000000001000000000000
0000010000110000101100000100000100001001101000101101000000000000000000000010001000100001000100000011
0000010000110000101000010100000100001001101000101101000000000000000000000010010000000001000100000011
0000000001010000000000000111000010000000100000000100100010001010001000001010001001000001000000000010
0000000000011000100000000000000000000001100101000001000000001000001000000010001100000001000000010010
0000000001010000101010000101000100000000100000001100000000001000010000000000001001010001100000001100

//
segsites: 100

positions: 0.0086 0.0272 0.0318 0.0670 0.0723 0.0927 0.1005 0.1036 0.1044 0.1047 0.1047 0.1077 0.1423 0.1439 0.1543 0.1593 0.1629 0.1686 0.1779 0.1918 0.1940 0.2063 0.2257 0.2327 0.2847 0.2887 0.2934 0.2953 0.2962 0.3078 0.3152 0.3481 0.3804 0.3805 0.3903 0.3926 0.3980 0.4144 0.4372 0.4385 0.4463 0.4616 0.4707 0.4806 0.4812 0.4899 0.5078 0.5482 0.5606 0.5643 0.5646 0.5950 0.6034 0.6167 0.6279 0.6415 0.6517 0.6694 0.6814 0.6826 0.6898 0.6898 0.7006 0.7104 0.7305 0.7347 0.7348 0.7350 0.7459 0.7481 0.7508 0.7547 0.7614 0.7680 0.7685 0.7716 0.7729 0.7775 0.7948 0.8047 0.8168 0.8214 0.8227 0.8361 0.8384 0.8459 0.8560 0.8594 0.8661 0.8880 0.9104 0.9138 0.9228 0.9311 0.9330 0.9543 0.9582 0.9679 0.9717 0.9799 
0000100000000000010000000000001000100000001001001000001010000000000000000000010000000000001000000000
1000100000000000000010000000011000000000001000000000011000000000000001000000010010000001011101001000
0010010000000000000000000000001000101000001000001000000000000000000001000001010100000000010101000010
0000100000000100000000000001011000000000000100001000001000011100000001000000000000000011001001001000
0010000000000000100000000000011000001000000000001000000010000000000001000001011000000001001001001010
0010100000110001000000010000001000000000001000001001010010000000000001001000010000000000011001000010
0010100000000000000000000000111000000000100000000000000000000100000011000000010000100000011001000000
0000100000000000100000100000011000000000000000000010011000000000000001000000010000001001111101001000
0001000000000010010000010000001000000000100000000001000000010010000011000000001000000001010101001000
0000100000000000000010000100001000000000001000001000011010000000001011000000010010000000111100001000
0001100000000100100000000001001000000000011000001000000000000000000001000000010001000000011101001011
1010100010000000000000000000001000010000001000011001000000000100000011000000000000100000011101000000
0010100000000100000000000001001000000000100000001000000010000000000011000000010000000000011001000000
0010100000000100100010000001001000000000000000001000000010000000000101000000010000000001011001001000
0010100000001100100000000001001000000000100000001000000010000000000101001000010000000001011101001000
0000100000000010010000010000001000000000100000000001000000010000000011000000001000000000010101001000
0110000000000000100000000000011000000000001000001000010010000000001001000000101000000000001101001010
0010000100000000000000000001011000000000001000001000001000000000000001000001010000000000011001001000
1000100000000000100000000000000000001100101000001101000010000000000001000001011000000001011001001000
0010100000000000000000000001001000000000000000011000001000000000000000000000010000000000011101000000
0000100000000000100010000000001000000000001000000010011010000000001011000000010010000000111100000000
1000100000000000000010000000011000000000001000000010011000000000000001000000010000000001011101001000
0010100000000001100000000001001000000000000000001000000000000000000001000001011000000000111001001000
0010100000000000000010000000101000000001100000001010001000000000000001000000000000000000100101001000
1000100000000000000000000000001000000000000000011000000000000000011000000000010000000001011100001000
0010100000000001100000000001001000000000000000001000000010000000000001000001010000000000001101001000
0110100000000000000010000000010000100000000100001000001000000000000001000000010100000000101100001000
0110000000000000100000000000011000000000000000001000010010000000000001001000001000000000001101001010
0110000000000000100000000000011000000000000000001000010010000000000011000000011000000000001000001010
1010000000000000000000000000011000010000001000010000000000000100000011000000000000100000001101000000
1010100000100000000000000000001000000000001000001000000000000000000001000000000000100000011001000000
0010100000000001100000000000001000000000000000001000000010000000000001000001010000000000011101001000
0100100000000001100000010000001000000000000000001001010000000000000001000000010000100100000000000010
0110100000000000000000000000001000000000000000001000010010000000000001000001000000000000011001001010
0010110000000000100000000000001000000000000000001100001000000000000001000000010000000000001100001000
0010110000000000000010000000001000100000000000001000000000000100000001000000010100000000110101001000
0000100000000010010000010000001000000000100000000001000000010000000011000000001000000001010101001000
0010100000000000000000000001011000000000100000011000000000000100000011000000001000100000001101011000
0000100000000000100000000000001000000000010000001000000011000100000001000000010000000000011101001011
0010100000000100100000000001001000000000001000001000000010000000000101000000010000000001011101001000
0010100000000001100000000000001000000000001000001000000010000000000001000001010000000000011101001000
0010100000001100100000000001001000000000100000001000000010000000000101001001010000000001011101001000
0010000000000100000000000000001000010000101000001001110010000010000011000001010001000000011101100001
0010100000000000100010000000101000000011100000001000001000000000000001000100000000000000100101001000
0000100000000000000000000001001000100000001000000000000010000000001001000000010000000000001100001100
0010110000000000100000000000001000000000000000001100001000000000000001000000010000000000101100001000
0010100000000000000000000001011000000000100000011000000000000100000011000000001000100000001101011000
0010100000000000000010000000101000000011100000001000001000000000000001000100000000000000100101001000
0000100000000000000000000000011000100000001001001000001010000000000000000000010000000000001000000000
0000100001100000010000000000001000100000001001001000001000000000000000000000000000000000001000000000
0001100000000010010000010000001000000000000000000001000000010000000011000000001000000001010101001000
0000100000000000001000000000001000001000001000001001001010000000000001000001010000000000111101000000
1010100000000000000000000000001000000000000000011000000000000000011000000000010000000001011100001000
0110100000000000000000000000001000000000001001001000010010000000000001000001000000000000011001001010
1010100000000000000000000000001000000000001110000000000000000100100001000001010010000001011001001100
0010100000000000000000000000111000000000100000010010000000000000000011000000010000100001011001000000
0010100000000000000010000010001000000000001000000000010000000100000001000000010010000000111101001001
0100100000000001000000010000001000000000001000001001000010000000000001001000010010000000010001001010
0010100000000000000000000000011000010000000000100000000010000100000011000000000000000000011101000000
0000100000000000100000100000011000000000000000000010011000000000000001000000010000001001111101001000
0000100000000000100010000000001000000000001000000010011010000000001011000000010010000000111100000000
0110000000000000100000000000011000000000000000001000010010000000000011000000011000000000001001001010
1010100000000000000000000000011000000000000000001010001000000000000001000000010000000000011101001001
0010000000000100000000000000001000010000101000001001110010000010000011000001010001000000011101100001
1110100000000000000000000000001000000000001000011001000000000000000001000000010000000000011101001000
0010101000000000110001000000000000000000001000101001110000000000000011010001010000010000011101001001
0010100000000000100000000001001000000000001000001000000010000000000101000000010000000001011001001000
0000100000000000001000000000001010001000001000001001001010000000000001000001010000000000111101000000
1010100000000000100000000001001000000000001100001000000010000000000011100001010000000001011101001000
1000100000000000000010000000011000000000001000000010011000000000000001000000010010000001011101001000
0010100000000100000000000001001000000000000000001000000010000001000011000000010000000001011001000000
0110100000000101100000000001001000000000000000001000000000000000000001000001010000000000011101001000
0110100000000000000010000000001000100000000100001000001000000000000001000000010100000000101100001000
0010100000001100100000000001001000000000100000001000000010000000000101001000010000000001011101001000
0010100000000100000000000001001000000000000000101000000010000000000011000000010000000001011001001000
0010101000000000010100000000000000000000001000101001000000000000000011010000000000000000011101101010
0100100000000001000000010000001000000000001000001001000010000000000001001000010000000000010001001010
0000100000000000000000000000010000000000001000001000000000000100001001000000000000100000001101001000
0010100000000000000000001000000000000000001000001000000000000000011001000011000000100001001101001000
0110100000000000000010000000011000100000000100001000001000000000000001000000010100000000101100001000
0010101000000000000000000000000000000000001000101001000000000000000011010001010000000000011101001000
0000100000000000000000000000010000000000001000001000000000000100001001000000000000100000001101001000
1000100000000000000010000000011100000000001000000010010000000000000001000000010010000001111001001000
0010100000000000000010000010001000000000001000000000011000000100000001000000010010000000111101001001
0010110000000001000000000000001000100000000000001000000000000100000001000000010100000000101101001001
1000100000000000000000000000001000000000100000000001000000110000000001000001000000000001010101000000
0001100000000000100000010000001000000000010000001000000100000100000001000000010001000000111100010001
0001100000000000100000010000001000000000